"","Attendance","Households","Households_Less_Than_10000","Households_10000_to_14999","Households_15000_to_24999","Households_25000_to_34999","Households_35000_to_49999","Households_50000_to_74999","Households_75000_to_99999","Households_100000_to_149999","Households_150000_to_199999","Households_200000_or_More","Households_Median_Income_Dollars","Families","Families_Less_Than_10000","Families_10000_to_14999","Families_15000_to_24999","Families_25000_to_34999","Families_35000_to_49999","Families_50000_to_74999","Families_75000_to_99999","Families_100000_to_149999","Families_150000_to_199999","Families_200000_or_More","Families_Median_Income_Dollars","Married_Couple_Families","Married_Couple_Families_Less_Than_10000","Married_Couple_Families_10000_to_14999","Married_Couple_Families_15000_to_24999","Married_Couple_Families_25000_to_34999","Married_Couple_Families_35000_to_49999","Married_Couple_Families_50000_to_74999","Married_Couple_Families_75000_to_99999","Married_Couple_Families_100000_to_149999","Married_Couple_Families_150000_to_199999","Married_Couple_Families_200000_or_More","Married_Couple_Families_Median_Income_Dollars","Nonfamily_Households","Nonfamily_Households_Less_Than_10000","Nonfamily_Households_10000_to_14999","Nonfamily_Households_15000_to_24999","Nonfamily_Households_25000_to_34999","Nonfamily_Households_35000_to_49999","Nonfamily_Households_50000_to_74999","Nonfamily_Households_75000_to_99999","Nonfamily_Households_100000_to_149999","Nonfamily_Households_150000_to_199999","Nonfamily_Households_200000_or_More","Nonfamily_Households_Median_Income_Dollars"
"Attendance",1,0.739008394720495,0.362940507723093,0.331561411251452,0.286329788736404,0.289425717914236,0.323457870774855,0.382723109794192,0.452439034330852,0.524780213169113,0.544925001717612,0.520716482759076,0.523498883388636,0.75221194786432,0.407884004996873,0.37216207987338,0.339395527103159,0.282101829529627,0.279788954383567,0.322908714869793,0.396042424734947,0.499485681031221,0.535572810749765,0.521969737972332,0.517175367246987,0.752440950909805,0.427054351364952,0.389773079719959,0.344694013861857,0.260389085149254,0.252422137949301,0.28873164482151,0.372495449689857,0.494100679271704,0.538889443100979,0.526235100118949,0.493632071306447,0.705952164148611,0.358437317359211,0.333521847373657,0.283220507778204,0.330228443070804,0.423736027586709,0.511751298042505,0.57387568245854,0.571914281200772,0.558238271521225,0.55369840971118,0.564928724788596
"Households",0.739008394720495,1,0.61455343909543,0.537909900604164,0.495577371276096,0.509851152033521,0.555518945775604,0.64143999466293,0.745476213889868,0.848477553200995,0.879941821017892,0.8619195133901,0.862069302562684,0.998804699943321,0.627808842944597,0.572943055726992,0.522455483262398,0.483735474724706,0.488131893967971,0.559609337642573,0.674431377689008,0.821310115022008,0.873270509629997,0.863445253708236,0.856326892411343,0.998487256518791,0.683714549623414,0.607298052683433,0.514534898132742,0.439934277703068,0.438504568991342,0.504517043794953,0.634175399336424,0.811195545088394,0.876202567305702,0.867248484245484,0.831380657032599,0.994839040779725,0.617853018042142,0.537848684920616,0.512164596703437,0.585317256575682,0.71226771423832,0.827779250016327,0.898006829394341,0.894991684020292,0.872884780617326,0.874377618599705,0.890548807467362
"Households_Less_Than_10000",0.362940507723093,0.61455343909543,1,0.986618092921818,0.984837375554496,0.98615890288781,0.98976178919896,0.9808209789437,0.927610578280594,0.782863496774856,0.610170561843269,0.523648209289877,0.774115105831231,0.600575829344611,0.99235783512715,0.986652467481242,0.975176502630522,0.978988300059594,0.981654666514644,0.985977129536544,0.95237924151628,0.814456080287808,0.62717763052563,0.528312186413609,0.779204537429988,0.608487496602543,0.973813286194633,0.978082656801546,0.956546911733299,0.964083973951057,0.96926483551065,0.983137967506989,0.963628352681646,0.833940024816107,0.636668050434353,0.530123218123755,0.739346849341093,0.638872275829561,0.99826711251854,0.983150205679189,0.984240526927417,0.981711443071936,0.950672743118119,0.862864824241633,0.721822001877187,0.605952904617743,0.506612117236861,0.511372719423698,0.762233483127294
"Households_10000_to_14999",0.331561411251452,0.537909900604164,0.986618092921818,1,0.994248016617324,0.99292932940812,0.991230330537539,0.966121712771359,0.893412052981478,0.723655327762656,0.53512314135754,0.444737226566139,0.71329633464582,0.526048766181367,0.981212900712039,0.989803337371314,0.988380061970676,0.992604621553774,0.992946386329118,0.982879296314883,0.928344094911302,0.758746473961449,0.553164681734518,0.44931193916084,0.71864448647734,0.536069183492292,0.963186850751679,0.976608345127804,0.975664723626592,0.983431345123842,0.987103817009847,0.987080130275637,0.94540448561325,0.780195417625696,0.562891033198599,0.451314911175872,0.68012652088395,0.558420983637144,0.984974140944018,0.998107137921332,0.985939107949521,0.970966125074999,0.921511714901711,0.811089859147576,0.654180937240259,0.535674419768435,0.435922783455331,0.439972713910547,0.701640568321151
"Households_15000_to_24999",0.286329788736404,0.495577371276096,0.984837375554496,0.994248016617324,1,0.997677415284401,0.993298285986906,0.964587668800909,0.883208699812521,0.701846361507199,0.5026084547566,0.408517619149971,0.688796105075077,0.481997700341639,0.976351924914269,0.985482435691968,0.988010669472691,0.997081480670576,0.998007253737484,0.986428460890581,0.923864211687961,0.741009308639452,0.522458560312334,0.413451395570231,0.694926807584801,0.492130735523575,0.951432906068514,0.968977047581123,0.972139302337459,0.989591430664631,0.994587204194926,0.993937599263795,0.943915363489871,0.764366311738727,0.532625756192881,0.415045138009961,0.656843702654314,0.519979388923481,0.983408582139905,0.991594785436731,0.99328951533429,0.973999907651414,0.915836560501345,0.795131903481683,0.626079681337724,0.499369877562247,0.393895594369177,0.398169845776365,0.673836827352992
"Households_25000_to_34999",0.289425717914236,0.509851152033521,0.98615890288781,0.99292932940812,0.997677415284401,1,0.996952135273029,0.973711922223909,0.900173703334804,0.725186307472965,0.527534060426502,0.43182799847233,0.709731483428744,0.495481875945434,0.976218526955887,0.981788440247971,0.980665281524429,0.994885858635322,0.998026560762829,0.992292520468564,0.938637852531007,0.763711213602666,0.547532639868309,0.436981558203334,0.715885277432135,0.50662371180856,0.951061694253964,0.96487247538568,0.961013971797638,0.98359543136828,0.991625559084282,0.997101849698078,0.957195358523871,0.786495442901482,0.557637425581816,0.438509218706287,0.679846884024624,0.535783186367663,0.984674988392467,0.990985678140602,0.995534499894183,0.983173217948107,0.929907792114311,0.814376400503898,0.649402287312551,0.52415229657969,0.418654242434493,0.421087063027711,0.694641907556031
"Households_35000_to_49999",0.323457870774855,0.555518945775604,0.98976178919896,0.991230330537539,0.993298285986906,0.996952135273029,1,0.98648851942926,0.92663610553074,0.768480163182478,0.58007194367613,0.483359381722276,0.752322262429312,0.540488269030898,0.978252994706723,0.979438179331208,0.974570146719921,0.987515330541975,0.993826586737559,0.997298974342302,0.958340564637729,0.803957999573809,0.599597255667605,0.488988992795975,0.758050208330148,0.552277031339092,0.955563095508141,0.962284964103109,0.953244224064055,0.971636152363082,0.982788824314398,0.996743620690432,0.972573535845502,0.824810181518918,0.609401094904307,0.490524934098361,0.721040094515658,0.582474943825365,0.989213933889787,0.990714581728548,0.995549226540855,0.990815798869729,0.952116133927052,0.850701879857097,0.697658329392955,0.576754178875658,0.470800388032148,0.469542686214441,0.73893588892808
"Households_50000_to_74999",0.382723109794192,0.64143999466293,0.9808209789437,0.966121712771359,0.964587668800909,0.973711922223909,0.98648851942926,1,0.973861512639025,0.858193082571897,0.694323315598033,0.598467759740355,0.840395341930384,0.624460172725166,0.963009814824805,0.95298415793221,0.936905200868041,0.952528761079482,0.964374319029498,0.99256837724995,0.990027357827644,0.886965671896058,0.712244203413196,0.604543592658889,0.84525080420687,0.636764175839964,0.941340729553412,0.937017329939956,0.908445946695813,0.925839079939577,0.94195120304791,0.979493549433468,0.993994620633476,0.903133196597818,0.721133271075264,0.605703857839276,0.806382332065425,0.671785493757325,0.983448757902897,0.968820085068697,0.981053759683902,0.99477533669964,0.98593780086215,0.921728511652563,0.796557928232656,0.687568239104981,0.585431740850171,0.577784561070939,0.827943165960415
"Households_75000_to_99999",0.452439034330852,0.745476213889868,0.927610578280594,0.893412052981478,0.883208699812521,0.900173703334804,0.92663610553074,0.973861512639025,1,0.948850946137224,0.828494570437174,0.740042813427926,0.930657965254235,0.726823566967861,0.904300509915931,0.877711098565645,0.846219953049736,0.863127468215802,0.882081177513683,0.940867970162368,0.992880946653123,0.966429421625887,0.843964719485393,0.746472579399825,0.934303160072136,0.739287855440337,0.889941749148261,0.865827377089329,0.810561627779556,0.821881496319773,0.844358043729999,0.910482585114656,0.981745864253018,0.974956364492272,0.851122673973407,0.747147496357245,0.896887229322599,0.778499175232942,0.933214071659741,0.900246633020986,0.917136125224736,0.957541281322791,0.993499177113979,0.981944087221143,0.905607761247498,0.818463030431597,0.725990331028401,0.712960894917693,0.920659865815479
"Households_100000_to_149999",0.524780213169113,0.848477553200995,0.782863496774856,0.723655327762656,0.701846361507199,0.725186307472965,0.768480163182478,0.858193082571897,0.948850946137224,1,0.959725931631923,0.897992626264194,0.990712419141697,0.829901504009311,0.753811567805798,0.710155321526333,0.661548581842644,0.673595632731286,0.697994633100731,0.791341663263475,0.906886124765492,0.996982974431057,0.967766415958096,0.903360378248123,0.991299492614555,0.840901782685729,0.759034458353627,0.708919157385793,0.623492765663633,0.617527189384738,0.643014853978456,0.738688562871761,0.873868581790781,0.992743554966862,0.971304842095268,0.903697230759724,0.957844400263091,0.880554350411928,0.793708078146165,0.734772247961274,0.752907518740402,0.823755995311727,0.919131919265702,0.98677162859393,0.988814999578831,0.950010036128019,0.88682434664756,0.869013129804215,0.986828720803818
"Households_150000_to_199999",0.544925001717612,0.879941821017892,0.610170561843269,0.53512314135754,0.5026084547566,0.527534060426502,0.58007194367613,0.694323315598033,0.828494570437174,0.959725931631923,1,0.979018770426792,0.971173384144639,0.863411650862112,0.578567400607839,0.524015263712307,0.467839748591975,0.47199880317467,0.496391147889443,0.605673894967349,0.75937746901628,0.937309401859394,0.998788192356539,0.981983898273757,0.968858089906015,0.871742286317347,0.605820794156616,0.534995033157001,0.434671104098901,0.410890626870592,0.432832858235729,0.539289726049975,0.709579430406856,0.921074289612624,0.997935170726302,0.982108247436381,0.943865663228041,0.907531228027207,0.625491008378128,0.549201601057016,0.560325715014049,0.646852677698334,0.780909063806433,0.90950403500386,0.982337586624822,0.993859546887278,0.970362521644667,0.954896403907591,0.97239827127654
"Households_200000_or_More",0.520716482759076,0.8619195133901,0.523648209289877,0.444737226566139,0.408517619149971,0.43182799847233,0.483359381722276,0.598467759740355,0.740042813427926,0.897992626264194,0.979018770426792,1,0.933631814576824,0.846636266267362,0.491828046497263,0.435230039587975,0.379638317266636,0.380089257706087,0.400653364085643,0.506897223729182,0.661998099043744,0.865990802164691,0.971329556946127,0.999716867929141,0.92998114289662,0.853406023791112,0.53304688042114,0.454903523373106,0.352942048270577,0.322079421426384,0.338474952169645,0.438636947491252,0.606172292660893,0.843413791439716,0.967063476216521,0.999619803952965,0.911626616767524,0.887058228500864,0.541264926716254,0.459084410031847,0.464634118326149,0.549354976003459,0.688728127253202,0.834097619481644,0.936394953971612,0.978400638617998,0.987069737748153,0.987268711488496,0.934310663183927
"Households_Median_Income_Dollars",0.523498883388636,0.862069302562684,0.774115105831231,0.71329633464582,0.688796105075077,0.709731483428744,0.752322262429312,0.840395341930384,0.930657965254235,0.990712419141697,0.971173384144639,0.933631814576824,1,0.843923498231843,0.744078575162828,0.700277028568876,0.6544160218599,0.662614088510688,0.683605581223368,0.772835948962971,0.884153429930292,0.982499806630986,0.975093544757701,0.937002500958211,0.999768272111494,0.854211380085198,0.758544558493048,0.703622055575618,0.621697434607978,0.609497407021104,0.629943330505208,0.719544673906693,0.847796801364033,0.974709845777766,0.976574758058213,0.937298289567683,0.970752030400959,0.89314910581785,0.787333861558773,0.725256930824897,0.73695219971238,0.803973919425772,0.899632768644398,0.973511573899515,0.988531911868017,0.965147392671199,0.91985389398914,0.910925832365313,0.99580198099573
"Families",0.75221194786432,0.998804699943321,0.600575829344611,0.526048766181367,0.481997700341639,0.495481875945434,0.540488269030898,0.624460172725166,0.726823566967861,0.829901504009311,0.863411650862112,0.846636266267362,0.843923498231843,1,0.617556068714051,0.563700601982243,0.514448566689756,0.47224625658463,0.474835185059379,0.543070680514461,0.65506618094455,0.801441755650436,0.855656189195666,0.847785520743763,0.837590460607202,0.999048740165735,0.675252887553898,0.59932527637232,0.509155443179787,0.43014087116087,0.426408730289366,0.488814533711253,0.615219194289952,0.791425343478634,0.858755136392577,0.851934752085395,0.81385755104199,0.988690353664073,0.60372425405504,0.525817286074505,0.495292902638602,0.566990078078658,0.693302753784415,0.809609173610428,0.881918574376513,0.880901776828691,0.860973359535887,0.862902007076504,0.874736495625556
"Families_Less_Than_10000",0.407884004996873,0.627808842944597,0.99235783512715,0.981212900712039,0.976351924914269,0.976218526955887,0.978252994706723,0.963009814824805,0.904300509915931,0.753811567805798,0.578567400607839,0.491828046497263,0.744078575162828,0.617556068714051,1,0.99129585034503,0.978529491523076,0.973873205944604,0.972490087811848,0.969764092484319,0.929263070742282,0.784762139035645,0.595052943478676,0.495978833482029,0.74845884174284,0.623693981981868,0.981907614576452,0.984409426010412,0.964802738311741,0.961903946188886,0.963137885810157,0.969782577090146,0.943236718808079,0.806038997027444,0.60545379102682,0.498484859471612,0.708678320514339,0.644294187626397,0.986471200164375,0.974496087960632,0.968163365711088,0.964182688948143,0.931992745322568,0.839216665896188,0.696364367423104,0.577398855825565,0.477993351931171,0.486797868416641,0.736895669797064
"Families_10000_to_14999",0.37216207987338,0.572943055726992,0.986652467481242,0.989803337371314,0.985482435691968,0.981788440247971,0.979438179331208,0.95298415793221,0.877711098565645,0.710155321526333,0.524015263712307,0.435230039587975,0.700277028568876,0.563700601982243,0.99129585034503,1,0.991131392341668,0.985530928867124,0.98179855398811,0.968193262310367,0.910004328447452,0.743792501220033,0.540931277526297,0.439044336665629,0.704630834693068,0.570109440520338,0.975287136031122,0.991736184504692,0.982316343349358,0.979587273285525,0.977696869546275,0.973457001065952,0.927870843665375,0.766511200002272,0.551376626267305,0.441628750744717,0.664295866120284,0.587750425350628,0.98247111692843,0.982535885274812,0.971156745437832,0.956230755530452,0.910012611690426,0.802245720324334,0.646293357098737,0.525117009153006,0.424266142504414,0.433587926765677,0.692598993692527
"Families_15000_to_24999",0.339395527103159,0.522455483262398,0.975176502630522,0.988380061970676,0.988010669472691,0.980665281524429,0.974570146719921,0.936905200868041,0.846219953049736,0.661548581842644,0.467839748591975,0.379638317266636,0.6544160218599,0.514448566689756,0.978529491523076,0.991131392341668,1,0.991824853537039,0.985113105231536,0.959937601443664,0.884436409463473,0.696723830484015,0.48422859641502,0.383635114626791,0.658766667111958,0.522114853028361,0.964223517219923,0.981055717100392,0.995338139432802,0.991489586170202,0.986346950756869,0.970455477691502,0.906087094065058,0.72030835663841,0.494791818643914,0.386410721364133,0.622136063888568,0.535083903001221,0.972695103225626,0.984048394324238,0.966283871095137,0.940582773877751,0.881521250341136,0.761168423462835,0.595675705368962,0.473348142114838,0.372821138121025,0.380724770971347,0.648760712709046
"Families_25000_to_34999",0.282101829529627,0.483735474724706,0.978988300059594,0.992604621553774,0.997081480670576,0.994885858635322,0.987515330541975,0.952528761079482,0.863127468215802,0.673595632731286,0.47199880317467,0.380089257706087,0.662614088510688,0.47224625658463,0.973873205944604,0.985530928867124,0.991824853537039,1,0.997089486104586,0.977992221186168,0.905600029379065,0.71239241534751,0.490616069646207,0.384536655385322,0.668240231473818,0.482451419870365,0.951293304511392,0.97053212795486,0.979197410628774,0.996021941236407,0.996718904526631,0.988342235665963,0.927932938871647,0.736420567384273,0.500794909683422,0.386559665401613,0.632995095976869,0.503888529076153,0.977445334661011,0.98988979247668,0.984868338836547,0.961463496199876,0.897187754180452,0.771131369009009,0.598782065911962,0.47276726680032,0.370232079660762,0.3761643746109,0.650516129051902
"Families_35000_to_49999",0.279788954383567,0.488131893967971,0.981654666514644,0.992946386329118,0.998007253737484,0.998026560762829,0.993826586737559,0.964374319029498,0.882081177513683,0.697994633100731,0.496391147889443,0.400653364085643,0.683605581223368,0.474835185059379,0.972490087811848,0.98179855398811,0.985113105231536,0.997089486104586,1,0.987259747585973,0.923435859829813,0.737005270471815,0.515706236210333,0.40572598182481,0.689572475278015,0.486100968167453,0.948323483319583,0.964617478894013,0.968282061958938,0.989466983344357,0.996924429315572,0.995034514912791,0.944145845956771,0.760416545424884,0.525796621667475,0.407464706061334,0.653444451474308,0.5120034255144,0.980275998598589,0.990987055590087,0.991533678454346,0.973575411802353,0.913212884467454,0.791278831063387,0.621844972869902,0.496221432106317,0.390946046464507,0.391786937328247,0.669975795271118
"Families_50000_to_74999",0.322908714869793,0.559609337642573,0.985977129536544,0.982879296314883,0.986428460890581,0.992292520468564,0.997298974342302,0.99256837724995,0.940867970162368,0.791341663263475,0.605673894967349,0.506897223729182,0.772835948962971,0.543070680514461,0.969764092484319,0.968193262310367,0.959937601443664,0.977992221186168,0.987259747585973,1,0.970371567046857,0.826470495706951,0.625183701928014,0.512756818208278,0.778637266376852,0.555519313028755,0.942183707584267,0.949149493607721,0.934219074520927,0.958721061527092,0.973238162411578,0.996481054593837,0.98246050902467,0.846451675328466,0.63474127026502,0.513906841385252,0.740772777550913,0.589664413664541,0.986856782628572,0.983788547016681,0.995703057145429,0.995541130072906,0.961815430858954,0.868264387375666,0.719322666243043,0.599539916914898,0.493678295596422,0.488921267658655,0.757711925103781
"Families_75000_to_99999",0.396042424734947,0.674431377689008,0.95237924151628,0.928344094911302,0.923864211687961,0.938637852531007,0.958340564637729,0.990027357827644,0.992880946653123,0.906886124765492,0.75937746901628,0.661998099043744,0.884153429930292,0.65506618094455,0.929263070742282,0.910004328447452,0.884436409463473,0.905600029379065,0.923435859829813,0.970371567046857,1,0.932526131405873,0.777891778819226,0.66870349613895,0.889148777357369,0.667976976603341,0.906034758665447,0.893232917617393,0.848804200311534,0.869574379510006,0.892294995640726,0.948609388356997,0.997088434067597,0.945509173039557,0.78615290195136,0.669212543847785,0.850556556062489,0.709476424236334,0.956103179797487,0.933710680893996,0.953349271415127,0.982400524911756,0.995470953941533,0.954457940669457,0.849532230105872,0.747193831315581,0.645390412838196,0.633824501527724,0.869912162878209
"Families_100000_to_149999",0.499485681031221,0.821310115022008,0.814456080287808,0.758746473961449,0.741009308639452,0.763711213602666,0.803957999573809,0.886965671896058,0.966429421625887,0.996982974431057,0.937309401859394,0.865990802164691,0.982499806630986,0.801441755650436,0.784762139035645,0.743792501220033,0.696723830484015,0.71239241534751,0.737005270471815,0.826470495706951,0.932526131405873,1,0.948318195237396,0.871998719538675,0.984282224304948,0.812738389881679,0.782430107915458,0.738671623164816,0.656544085301946,0.657709236529643,0.68441658135065,0.777976741558174,0.904154918878978,0.998859259664591,0.95282623191025,0.872114245930181,0.949028867384423,0.856277170921739,0.823994364763142,0.768965328279511,0.791606867336193,0.85795025486944,0.942127741202097,0.993201942359974,0.976284034166185,0.923614601681075,0.8505601354443,0.83278572303631,0.974983997026372
"Families_150000_to_199999",0.535572810749765,0.873270509629997,0.62717763052563,0.553164681734518,0.522458560312334,0.547532639868309,0.599597255667605,0.712244203413196,0.843964719485393,0.967766415958096,0.998788192356539,0.971329556946127,0.975093544757701,0.855656189195666,0.595052943478676,0.540931277526297,0.48422859641502,0.490616069646207,0.515706236210333,0.625183701928014,0.777891778819226,0.948318195237396,1,0.974947726365469,0.9735382782598,0.864318757813122,0.618404020865853,0.549403289282549,0.449170693277474,0.428862493333555,0.452091543668722,0.559821034900644,0.729703884161644,0.933555047837161,0.999724233813846,0.974934386745929,0.947258410022565,0.903161431158019,0.641587517812145,0.56670598708639,0.581115589705699,0.667314767929039,0.798878193447239,0.921133871592075,0.985992102719723,0.989826007369328,0.95918590338692,0.943642789941657,0.974270106069091
"Families_200000_or_More",0.521969737972332,0.863445253708236,0.528312186413609,0.44931193916084,0.413451395570231,0.436981558203334,0.488988992795975,0.604543592658889,0.746472579399825,0.903360378248123,0.981983898273757,0.999716867929141,0.937002500958211,0.847785520743763,0.495978833482029,0.439044336665629,0.383635114626791,0.384536655385322,0.40572598182481,0.512756818208278,0.66870349613895,0.871998719538675,0.974947726365469,1,0.933587286934887,0.854951155801784,0.53616902938669,0.457720606966827,0.356000474686623,0.325936219984228,0.343140960544685,0.444374078113101,0.613161821989031,0.84977338908263,0.970904163719877,0.999909795738363,0.914518237469302,0.889353836053448,0.545704316129658,0.463702005882331,0.469962323849052,0.555358109459478,0.695245093967379,0.840264481833537,0.941243500235396,0.980961751445457,0.987062481022725,0.985299355082153,0.937817236300856
"Families_Median_Income_Dollars",0.517175367246987,0.856326892411343,0.779204537429988,0.71864448647734,0.694926807584801,0.715885277432135,0.758050208330148,0.84525080420687,0.934303160072136,0.991299492614555,0.968858089906015,0.92998114289662,0.999768272111494,0.837590460607202,0.74845884174284,0.704630834693068,0.658766667111958,0.668240231473818,0.689572475278015,0.778637266376852,0.889148777357369,0.984282224304948,0.9735382782598,0.933587286934887,1,0.848070608842969,0.761181394427026,0.706931885286244,0.625083744954242,0.615045500496237,0.636076648578358,0.725940393926589,0.853474114710398,0.976920752464809,0.975107652183332,0.933773918659931,0.970439162086343,0.888676633125302,0.792161876620473,0.730498019672615,0.743629725816594,0.810217597479555,0.904178702745792,0.975389453824677,0.987452944888488,0.961574509427186,0.914580044215449,0.905724093688281,0.994420896739337
"Married_Couple_Families",0.752440950909805,0.998487256518791,0.608487496602543,0.536069183492292,0.492130735523575,0.50662371180856,0.552277031339092,0.636764175839964,0.739287855440337,0.840901782685729,0.871742286317347,0.853406023791112,0.854211380085198,0.999048740165735,0.623693981981868,0.570109440520338,0.522114853028361,0.482451419870365,0.486100968167453,0.555519313028755,0.667976976603341,0.812738389881679,0.864318757813122,0.854951155801784,0.848070608842969,1,0.680342964049938,0.603806936287164,0.515678365924534,0.439516106171094,0.437260724368395,0.500892938130247,0.628165687137707,0.802576465602511,0.867280552631634,0.858989634651085,0.824429587860819,0.989691042563865,0.612128808603756,0.536945594983626,0.506679355632676,0.57889885975544,0.705055483167051,0.820454611765986,0.891463889481754,0.890143531738488,0.869533262789202,0.869922787668062,0.88526688195497
"Married_Couple_Families_Less_Than_10000",0.427054351364952,0.683714549623414,0.973813286194633,0.963186850751679,0.951432906068514,0.951061694253964,0.955563095508141,0.941340729553412,0.889941749148261,0.759034458353627,0.605820794156616,0.53304688042114,0.758544558493048,0.675252887553898,0.981907614576452,0.975287136031122,0.964223517219923,0.951293304511392,0.948323483319583,0.942183707584267,0.906034758665447,0.782430107915458,0.618404020865853,0.53616902938669,0.761181394427026,0.680342964049938,1,0.981010789380417,0.958080950773016,0.937831576991326,0.937190070317657,0.937621619373204,0.914522438211413,0.799691224428467,0.627850368520757,0.539366105036321,0.729572746630076,0.696054574485144,0.968281697910911,0.955400443251142,0.937226742229763,0.936970287085118,0.914849093623717,0.837065942521933,0.716042679026566,0.615143051747757,0.528784901622068,0.540150206941443,0.758115308036734
"Married_Couple_Families_10000_to_14999",0.389773079719959,0.607298052683433,0.978082656801546,0.976608345127804,0.968977047581123,0.96487247538568,0.962284964103109,0.937017329939956,0.865827377089329,0.708919157385793,0.534995033157001,0.454903523373106,0.703622055575618,0.59932527637232,0.984409426010412,0.991736184504692,0.981055717100392,0.97053212795486,0.964617478894013,0.949149493607721,0.893232917617393,0.738671623164816,0.549403289282549,0.457720606966827,0.706931885286244,0.603806936287164,0.981010789380417,1,0.976182161931351,0.965525886911063,0.960086134842285,0.952618308215591,0.907930494305164,0.759400142578259,0.559226020440837,0.460573859901224,0.66620707842607,0.619207216846752,0.973483783670278,0.966968652562948,0.950998270095154,0.937670461775725,0.895710808598394,0.797264832313548,0.653350171784915,0.540154961005278,0.447026795940598,0.460682870995043,0.69909236764904
"Married_Couple_Families_15000_to_24999",0.344694013861857,0.514534898132742,0.956546911733299,0.975664723626592,0.972139302337459,0.961013971797638,0.953244224064055,0.908445946695813,0.810561627779556,0.623492765663633,0.434671104098901,0.352942048270577,0.621697434607978,0.509155443179787,0.964802738311741,0.982316343349358,0.995338139432802,0.979197410628774,0.968282061958938,0.934219074520927,0.848804200311534,0.656544085301946,0.449170693277474,0.356000474686623,0.625083744954242,0.515678365924534,0.958080950773016,0.976182161931351,1,0.983859327271936,0.973082754530332,0.947003412261267,0.871016117314231,0.679628190116876,0.459380564396945,0.359094004840217,0.589241974569328,0.52176963850261,0.954140416640507,0.97041249091627,0.942309389772446,0.91020358829695,0.847811386499719,0.725017525680133,0.562123292166754,0.444808517314042,0.349823321733853,0.361085353156598,0.619636077325444
"Married_Couple_Families_25000_to_34999",0.260389085149254,0.439934277703068,0.964083973951057,0.983431345123842,0.989591430664631,0.98359543136828,0.971636152363082,0.925839079939577,0.821881496319773,0.617527189384738,0.410890626870592,0.322079421426384,0.609497407021104,0.43014087116087,0.961903946188886,0.979587273285525,0.991489586170202,0.996021941236407,0.989466983344357,0.958721061527092,0.869574379510006,0.657709236529643,0.428862493333555,0.325936219984228,0.615045500496237,0.439516106171094,0.937831576991326,0.965525886911063,0.983859327271936,1,0.995019072691693,0.974753455940835,0.895709928110881,0.682908565039341,0.438878114988989,0.328031200942389,0.5796392569619,0.456901823797435,0.962450290963801,0.979489022443235,0.969992530539159,0.936583572110316,0.859651919950516,0.722447243190855,0.541722931392639,0.413949295012532,0.312601657710652,0.321461080857275,0.598250177647926
"Married_Couple_Families_35000_to_49999",0.252422137949301,0.438504568991342,0.96926483551065,0.987103817009847,0.994587204194926,0.991625559084282,0.982788824314398,0.94195120304791,0.844358043729999,0.643014853978456,0.432832858235729,0.338474952169645,0.629943330505208,0.426408730289366,0.963137885810157,0.977696869546275,0.986346950756869,0.996718904526631,0.996924429315572,0.973238162411578,0.892294995640726,0.68441658135065,0.452091543668722,0.343140960544685,0.636076648578358,0.437260724368395,0.937190070317657,0.960086134842285,0.973082754530332,0.995019072691693,1,0.98702149020999,0.917558033599491,0.709561924655813,0.462331317746913,0.344946140119632,0.600781919926182,0.460262539793718,0.966875651590161,0.983910349842351,0.981877580170682,0.954659836080917,0.880447522910824,0.743850245458861,0.563703796679279,0.434583265543383,0.329616701571906,0.333037843178168,0.616504588511036
"Married_Couple_Families_50000_to_74999",0.28873164482151,0.504517043794953,0.983137967506989,0.987080130275637,0.993937599263795,0.997101849698078,0.996743620690432,0.979493549433468,0.910482585114656,0.738688562871761,0.539289726049975,0.438636947491252,0.719544673906693,0.488814533711253,0.969782577090146,0.973457001065952,0.970455477691502,0.988342235665963,0.995034514912791,0.996481054593837,0.948609388356997,0.777976741558174,0.559821034900644,0.444374078113101,0.725940393926589,0.500892938130247,0.937621619373204,0.952618308215591,0.947003412261267,0.974753455940835,0.98702149020999,1,0.966491196873316,0.800612717666445,0.569852702851921,0.445553552022368,0.687971497362424,0.53325743331422,0.982550935104763,0.986553657797848,0.997310231558768,0.987666233857668,0.937916046048948,0.825760607739153,0.66068985884747,0.533311562400503,0.424513340211739,0.421986058786036,0.703166884347433
"Married_Couple_Families_75000_to_99999",0.372495449689857,0.634175399336424,0.963628352681646,0.94540448561325,0.943915363489871,0.957195358523871,0.972573535845502,0.993994620633476,0.981745864253018,0.873868581790781,0.709579430406856,0.606172292660893,0.847796801364033,0.615219194289952,0.943236718808079,0.927870843665375,0.906087094065058,0.927932938871647,0.944145845956771,0.98246050902467,0.997088434067597,0.904154918878978,0.729703884161644,0.613161821989031,0.853474114710398,0.628165687137707,0.914522438211413,0.907930494305164,0.871016117314231,0.895709928110881,0.917558033599491,0.966491196873316,1,0.920233949327765,0.738833465699709,0.613777117278144,0.814596646814741,0.668679086446042,0.965491440479029,0.949408517046367,0.968929838900018,0.991033300778355,0.99044423493148,0.931729335309323,0.809331925583514,0.696951994551853,0.589285328927506,0.578303637412466,0.832567002439555
"Married_Couple_Families_100000_to_149999",0.494100679271704,0.811195545088394,0.833940024816107,0.780195417625696,0.764366311738727,0.786495442901482,0.824810181518918,0.903133196597818,0.974956364492272,0.992743554966862,0.921074289612624,0.843413791439716,0.974709845777766,0.791425343478634,0.806038997027444,0.766511200002272,0.72030835663841,0.736420567384273,0.760416545424884,0.846451675328466,0.945509173039557,0.998859259664591,0.933555047837161,0.84977338908263,0.976920752464809,0.802576465602511,0.799691224428467,0.759400142578259,0.679628190116876,0.682908565039341,0.709561924655813,0.800612717666445,0.920233949327765,1,0.93893876823269,0.850014424720746,0.940369945903377,0.84603613819152,0.842181324552456,0.789298806353958,0.813055968974413,0.876587052774924,0.954268101245346,0.995263923043126,0.967310655986697,0.906283709821259,0.827306925407872,0.809528045525063,0.966476716335993
"Married_Couple_Families_150000_to_199999",0.538889443100979,0.876202567305702,0.636668050434353,0.562891033198599,0.532625756192881,0.557637425581816,0.609401094904307,0.721133271075264,0.851122673973407,0.971304842095268,0.997935170726302,0.967063476216521,0.976574758058213,0.858755136392577,0.60545379102682,0.551376626267305,0.494791818643914,0.500794909683422,0.525796621667475,0.63474127026502,0.78615290195136,0.95282623191025,0.999724233813846,0.970904163719877,0.975107652183332,0.867280552631634,0.627850368520757,0.559226020440837,0.459380564396945,0.438878114988989,0.462331317746913,0.569852702851921,0.738833465699709,0.93893876823269,1,0.971009253243159,0.948075963194624,0.905724644170742,0.650488487106595,0.576004435752185,0.590675725763552,0.67668766821774,0.807088480531155,0.92667013682923,0.988113682205555,0.988650622952506,0.955095565118089,0.939088840211241,0.975844569856712
"Married_Couple_Families_200000_or_More",0.526235100118949,0.867248484245484,0.530123218123755,0.451314911175872,0.415045138009961,0.438509218706287,0.490524934098361,0.605703857839276,0.747147496357245,0.903697230759724,0.982108247436381,0.999619803952965,0.937298289567683,0.851934752085395,0.498484859471612,0.441628750744717,0.386410721364133,0.386559665401613,0.407464706061334,0.513906841385252,0.669212543847785,0.872114245930181,0.974934386745929,0.999909795738363,0.933773918659931,0.858989634651085,0.539366105036321,0.460573859901224,0.359094004840217,0.328031200942389,0.344946140119632,0.445553552022368,0.613777117278144,0.850014424720746,0.971009253243159,1,0.914928675530043,0.892409756483355,0.547360223605454,0.465509680383188,0.470738131701002,0.556099735571224,0.696087712147251,0.840960123062442,0.942038993638757,0.981826182568572,0.988008752890058,0.986123523352372,0.938798974188386
"Married_Couple_Families_Median_Income_Dollars",0.493632071306447,0.831380657032599,0.739346849341093,0.68012652088395,0.656843702654314,0.679846884024624,0.721040094515658,0.806382332065425,0.896887229322599,0.957844400263091,0.943865663228041,0.911626616767524,0.970752030400959,0.81385755104199,0.708678320514339,0.664295866120284,0.622136063888568,0.632995095976869,0.653444451474308,0.740772777550913,0.850556556062489,0.949028867384423,0.947258410022565,0.914518237469302,0.970439162086343,0.824429587860819,0.729572746630076,0.66620707842607,0.589241974569328,0.5796392569619,0.600781919926182,0.687971497362424,0.814596646814741,0.940369945903377,0.948075963194624,0.914928675530043,1,0.861402362739657,0.751933540067256,0.693476991316952,0.70460792748309,0.773276603594435,0.866222205848659,0.937752485676494,0.958156453857192,0.938866689808334,0.897666692832527,0.889315497912005,0.967574393401479
"Nonfamily_Households",0.705952164148611,0.994839040779725,0.638872275829561,0.558420983637144,0.519979388923481,0.535783186367663,0.582474943825365,0.671785493757325,0.778499175232942,0.880554350411928,0.907531228027207,0.887058228500864,0.89314910581785,0.988690353664073,0.644294187626397,0.587750425350628,0.535083903001221,0.503888529076153,0.5120034255144,0.589664413664541,0.709476424236334,0.856277170921739,0.903161431158019,0.889353836053448,0.888676633125302,0.989691042563865,0.696054574485144,0.619207216846752,0.52176963850261,0.456901823797435,0.460262539793718,0.53325743331422,0.668679086446042,0.84603613819152,0.905724644170742,0.892409756483355,0.861402362739657,1,0.642460411845065,0.558713678792998,0.543273589846547,0.61888856503585,0.746192777580153,0.859171490532849,0.924540831099653,0.917400462342743,0.890940299327533,0.891517054433729,0.91656698900393
"Nonfamily_Households_Less_Than_10000",0.358437317359211,0.617853018042142,0.99826711251854,0.984974140944018,0.983408582139905,0.984674988392467,0.989213933889787,0.983448757902897,0.933214071659741,0.793708078146165,0.625491008378128,0.541264926716254,0.787333861558773,0.60372425405504,0.986471200164375,0.98247111692843,0.972695103225626,0.977445334661011,0.980275998598589,0.986856782628572,0.956103179797487,0.823994364763142,0.641587517812145,0.545704316129658,0.792161876620473,0.612128808603756,0.968281697910911,0.973483783670278,0.954140416640507,0.962450290963801,0.966875651590161,0.982550935104763,0.965491440479029,0.842181324552456,0.650488487106595,0.547360223605454,0.751933540067256,0.642460411845065,1,0.983657708998837,0.98472595026889,0.98202140636356,0.953346709422713,0.870949380698868,0.733293459241082,0.621245639846252,0.52417770535797,0.527611399519268,0.775023335456858
"Nonfamily_Households_10000_to_14999",0.333521847373657,0.537848684920616,0.983150205679189,0.998107137921332,0.991594785436731,0.990985678140602,0.990714581728548,0.968820085068697,0.900246633020986,0.734772247961274,0.549201601057016,0.459084410031847,0.725256930824897,0.525817286074505,0.974496087960632,0.982535885274812,0.984048394324238,0.98988979247668,0.990987055590087,0.983788547016681,0.933710680893996,0.768965328279511,0.56670598708639,0.463702005882331,0.730498019672615,0.536945594983626,0.955400443251142,0.966968652562948,0.97041249091627,0.979489022443235,0.983910349842351,0.986553657797848,0.949408517046367,0.789298806353958,0.576004435752185,0.465509680383188,0.693476991316952,0.558713678792998,0.983657708998837,1,0.985816374912299,0.971591711546878,0.925091255822229,0.81914703118234,0.665069645131657,0.549672720687251,0.450823238149985,0.452788744694472,0.713417673125116
"Nonfamily_Households_15000_to_24999",0.283220507778204,0.512164596703437,0.984240526927417,0.985939107949521,0.99328951533429,0.995534499894183,0.995549226540855,0.981053759683902,0.917136125224736,0.752907518740402,0.560325715014049,0.464634118326149,0.73695219971238,0.495292902638602,0.968163365711088,0.971156745437832,0.966283871095137,0.984868338836547,0.991533678454346,0.995703057145429,0.953349271415127,0.791606867336193,0.581115589705699,0.469962323849052,0.743629725816594,0.506679355632676,0.937226742229763,0.950998270095154,0.942309389772446,0.969992530539159,0.981877580170682,0.997310231558768,0.968929838900018,0.813055968974413,0.590675725763552,0.470738131701002,0.70460792748309,0.543273589846547,0.98472595026889,0.985816374912299,1,0.990266795876478,0.943594569236498,0.836143201649617,0.675253238248665,0.550780286303047,0.444427305841461,0.445606758106582,0.717108359566115
"Nonfamily_Households_25000_to_34999",0.330228443070804,0.585317256575682,0.981711443071936,0.970966125074999,0.973999907651414,0.983173217948107,0.990815798869729,0.99477533669964,0.957541281322791,0.823755995311727,0.646852677698334,0.549354976003459,0.803973919425772,0.566990078078658,0.964182688948143,0.956230755530452,0.940582773877751,0.961463496199876,0.973575411802353,0.995541130072906,0.982400524911756,0.85795025486944,0.667314767929039,0.555358109459478,0.810217597479555,0.57889885975544,0.936970287085118,0.937670461775725,0.91020358829695,0.936583572110316,0.954659836080917,0.987666233857668,0.991033300778355,0.876587052774924,0.67668766821774,0.556099735571224,0.773276603594435,0.61888856503585,0.98202140636356,0.971591711546878,0.990266795876478,1,0.976388863013369,0.893541502209759,0.753288655785072,0.635720579756279,0.529694715006947,0.526032402398213,0.785773941988385
